[gd_scene load_steps=76 format=3 uid="uid://btuxwyrdkinglabp"]
[ext_resource type="Script" path="res://scripts/dungeon_root.gd" id="root_script"]
[ext_resource type="Script" path="res://scripts/terrain_patch.gd" id="terrain_patch_script"]
[ext_resource type="PackedScene" uid="uid://btuxnpc01" path="res://scenes/npc.tscn" id="npc"]
[ext_resource type="PackedScene" uid="uid://btuxsgnp01" path="res://scenes/sign_post.tscn" id="sign"]
[ext_resource type="PackedScene" uid="uid://btuxchst01" path="res://scenes/treasure_chest.tscn" id="chest"]
[ext_resource type="PackedScene" uid="uid://btuxpkht01" path="res://scenes/pickup_heart.tscn" id="heart_pickup"]
[ext_resource type="PackedScene" uid="uid://btuxfair01" path="res://scenes/fairy_bottle_pickup.tscn" id="fairy_bottle"]
[ext_resource type="PackedScene" uid="uid://btuxpkbow01" path="res://scenes/pickup_bow.tscn" id="bow_pickup"]
[ext_resource type="PackedScene" uid="uid://btuxpkar01" path="res://scenes/pickup_arrow.tscn" id="arrow_pickup"]
[ext_resource type="PackedScene" uid="uid://btuxpksl01" path="res://scenes/pickup_slingshot.tscn" id="slingshot_pickup"]
[ext_resource type="PackedScene" uid="uid://btuxpksd01" path="res://scenes/pickup_seed.tscn" id="seed_pickup"]
[ext_resource type="PackedScene" uid="uid://btuxhpie01" path="res://scenes/heart_piece.tscn" id="heart_piece"]
[ext_resource type="PackedScene" uid="uid://btuxowl01" path="res://scenes/owl_statue.tscn" id="owl_statue"]
[ext_resource type="PackedScene" uid="uid://btuxtree01" path="res://scenes/tree_prop.tscn" id="tree"]
[ext_resource type="PackedScene" uid="uid://btuxbush01" path="res://scenes/bush.tscn" id="bush"]
[ext_resource type="PackedScene" uid="uid://btuxrock01" path="res://scenes/rock.tscn" id="rock"]
[ext_resource type="PackedScene" uid="uid://btuxtmto01" path="res://scenes/enemy_tomato.tscn" id="tomato"]
[ext_resource type="Script" path="res://scripts/load_zone.gd" id="load_zone_script"]
[ext_resource type="PackedScene" uid="uid://btuxpl01" path="res://scenes/tux.tscn" id="tux"]
[ext_resource type="PackedScene" uid="uid://btuxhud01" path="res://scenes/hud.tscn" id="hud"]
[ext_resource type="PackedScene" uid="uid://btuxglim01" path="res://scenes/glim.tscn" id="glim"]
[ext_resource type="Script" path="res://scripts/free_orbit_camera.gd" id="camera_script"]
[ext_resource type="Script" path="res://scripts/debug_overlay.gd" id="debug_script"]
[ext_resource type="Script" path="res://scripts/pause_menu.gd" id="pause_script"]

[sub_resource type="StandardMaterial3D" id="s1"]
albedo_color = Color(0.55, 0.4, 0.25, 1)
roughness = 0.85
metallic = 0

[sub_resource type="StandardMaterial3D" id="s2"]
albedo_color = Color(0.65, 0.62, 0.55, 1)
roughness = 0.92
metallic = 0

[sub_resource type="ProceduralSkyMaterial" id="s3"]
sky_top_color = Color(0.45, 0.62, 0.86, 1)
sky_horizon_color = Color(0.86, 0.85, 0.78, 1)
ground_horizon_color = Color(0.4, 0.46, 0.3, 1)
ground_bottom_color = Color(0.1, 0.14, 0.08, 1)

[sub_resource type="Sky" id="s4"]
sky_material = SubResource("s3")

[sub_resource type="Environment" id="s5"]
background_mode = 2
sky = SubResource("s4")
ambient_light_source = 3
ambient_light_color = Color(0.55, 0.62, 0.55, 1)
ambient_light_energy = 0.55
fog_enabled = true
fog_density = 0.005
fog_light_color = Color(0.7, 0.78, 0.62, 1)

[sub_resource type="BoxMesh" id="s6"]
size = Vector3(6.0, 0.2, 5.0)

[sub_resource type="BoxShape3D" id="s7"]
size = Vector3(6.0, 0.2, 5.0)

[sub_resource type="BoxMesh" id="s8"]
size = Vector3(6.0, 0.2, 5.0)

[sub_resource type="BoxShape3D" id="s9"]
size = Vector3(6.0, 0.2, 5.0)

[sub_resource type="BoxMesh" id="s10"]
size = Vector3(6.0, 4.0, 0.25)

[sub_resource type="BoxShape3D" id="s11"]
size = Vector3(6.0, 4.0, 0.25)

[sub_resource type="BoxMesh" id="s12"]
size = Vector3(2.5, 4.0, 0.25)

[sub_resource type="BoxShape3D" id="s13"]
size = Vector3(2.5, 4.0, 0.25)

[sub_resource type="BoxMesh" id="s14"]
size = Vector3(1.5, 1.6, 0.25)

[sub_resource type="BoxShape3D" id="s15"]
size = Vector3(1.5, 1.6, 0.25)

[sub_resource type="BoxMesh" id="s16"]
size = Vector3(2.0, 4.0, 0.25)

[sub_resource type="BoxShape3D" id="s17"]
size = Vector3(2.0, 4.0, 0.25)

[sub_resource type="BoxMesh" id="s18"]
size = Vector3(0.25, 4.0, 1.5)

[sub_resource type="BoxShape3D" id="s19"]
size = Vector3(0.25, 4.0, 1.5)

[sub_resource type="BoxMesh" id="s20"]
size = Vector3(0.25, 1.2, 1.0)

[sub_resource type="BoxShape3D" id="s21"]
size = Vector3(0.25, 1.2, 1.0)

[sub_resource type="BoxMesh" id="s22"]
size = Vector3(0.25, 1.7999999999999998, 1.0)

[sub_resource type="BoxShape3D" id="s23"]
size = Vector3(0.25, 1.7999999999999998, 1.0)

[sub_resource type="BoxMesh" id="s24"]
size = Vector3(0.25, 4.0, 2.5)

[sub_resource type="BoxShape3D" id="s25"]
size = Vector3(0.25, 4.0, 2.5)

[sub_resource type="BoxMesh" id="s26"]
size = Vector3(0.25, 4.0, 5.0)

[sub_resource type="BoxShape3D" id="s27"]
size = Vector3(0.25, 4.0, 5.0)

[sub_resource type="BoxMesh" id="s28"]
size = Vector3(5.0, 0.2, 5.0)

[sub_resource type="BoxShape3D" id="s29"]
size = Vector3(5.0, 0.2, 5.0)

[sub_resource type="BoxMesh" id="s30"]
size = Vector3(5.0, 0.2, 5.0)

[sub_resource type="BoxShape3D" id="s31"]
size = Vector3(5.0, 0.2, 5.0)

[sub_resource type="BoxMesh" id="s32"]
size = Vector3(1.75, 3.5, 0.25)

[sub_resource type="BoxShape3D" id="s33"]
size = Vector3(1.75, 3.5, 0.25)

[sub_resource type="BoxMesh" id="s34"]
size = Vector3(1.5, 1.1, 0.25)

[sub_resource type="BoxShape3D" id="s35"]
size = Vector3(1.5, 1.1, 0.25)

[sub_resource type="BoxMesh" id="s36"]
size = Vector3(1.75, 3.5, 0.25)

[sub_resource type="BoxShape3D" id="s37"]
size = Vector3(1.75, 3.5, 0.25)

[sub_resource type="BoxMesh" id="s38"]
size = Vector3(5.0, 3.5, 0.25)

[sub_resource type="BoxShape3D" id="s39"]
size = Vector3(5.0, 3.5, 0.25)

[sub_resource type="BoxMesh" id="s40"]
size = Vector3(0.25, 3.5, 5.0)

[sub_resource type="BoxShape3D" id="s41"]
size = Vector3(0.25, 3.5, 5.0)

[sub_resource type="BoxMesh" id="s42"]
size = Vector3(0.25, 3.5, 1.5)

[sub_resource type="BoxShape3D" id="s43"]
size = Vector3(0.25, 3.5, 1.5)

[sub_resource type="BoxMesh" id="s44"]
size = Vector3(0.25, 1.2, 1.0)

[sub_resource type="BoxShape3D" id="s45"]
size = Vector3(0.25, 1.2, 1.0)

[sub_resource type="BoxMesh" id="s46"]
size = Vector3(0.25, 1.2999999999999998, 1.0)

[sub_resource type="BoxShape3D" id="s47"]
size = Vector3(0.25, 1.2999999999999998, 1.0)

[sub_resource type="BoxMesh" id="s48"]
size = Vector3(0.25, 3.5, 2.5)

[sub_resource type="BoxShape3D" id="s49"]
size = Vector3(0.25, 3.5, 2.5)

[sub_resource type="BoxShape3D" id="s50"]
size = Vector3(1.5, 3.0, 4.0)

[sub_resource type="BoxShape3D" id="s51"]
size = Vector3(2.0, 3.0, 2.0)

[node name="Wyrdkin Glade" type="Node3D"]
script = ExtResource("root_script")
key_group = "wyrdkin_glade"
music_track = "wyrdkin_glade"
display_name = "Wyrdkin Glade"
fs_path = ""
sky_color = Color(0.6, 0.78, 0.85, 1)
fog_color = Color(0.7, 0.85, 0.75, 1)
ambient_color = Color(0.55, 0.6, 0.5, 1)
sun_color = Color(1, 0.95, 0.8, 1)
[node name="Environment" type="WorldEnvironment" parent="."]
environment = SubResource("s5")
[node name="Sun" type="DirectionalLight3D" parent="."]
transform = Transform3D(0.83205, -0, 0.5547, 0.371391, 0.742781, -0.557086, -0.412021, 0.669534, 0.618031, 0, 14, 0)
light_color = Color(1, 0.96, 0.84, 1)
light_energy = 1.1
shadow_enabled = true
[node name="HespersHut" type="Node3D" parent="."]
transform = Transform3D(1, 0, 0, 0, 1, 0, 0, 0, 1, 2, 0, 7)
[node name="Floor_0" type="StaticBody3D" parent="HespersHut"]
transform = Transform3D(1, 0, 0, 0, 1, 0, 0, 0, 1, 3, -0.1, 2.5)
collision_layer = 1
collision_mask = 1
[node name="Mesh" type="MeshInstance3D" parent="HespersHut/Floor_0"]
mesh = SubResource("s6")
surface_material_override/0 = SubResource("s1")
[node name="Col" type="CollisionShape3D" parent="HespersHut/Floor_0"]
shape = SubResource("s7")
[node name="Ceiling_0" type="StaticBody3D" parent="HespersHut"]
transform = Transform3D(1, 0, 0, 0, 1, 0, 0, 0, 1, 3, 4.1, 2.5)
collision_layer = 1
collision_mask = 1
[node name="Mesh" type="MeshInstance3D" parent="HespersHut/Ceiling_0"]
mesh = SubResource("s8")
surface_material_override/0 = SubResource("s1")
[node name="Col" type="CollisionShape3D" parent="HespersHut/Ceiling_0"]
shape = SubResource("s9")
[node name="WallN_seg0" type="StaticBody3D" parent="HespersHut"]
transform = Transform3D(1, 0, 0, 0, 1, 0, 0, 0, 1, 3, 2, 5)
collision_layer = 1
collision_mask = 1
[node name="Mesh" type="MeshInstance3D" parent="HespersHut/WallN_seg0"]
mesh = SubResource("s10")
surface_material_override/0 = SubResource("s1")
[node name="Col" type="CollisionShape3D" parent="HespersHut/WallN_seg0"]
shape = SubResource("s11")
[node name="WallS_seg0" type="StaticBody3D" parent="HespersHut"]
transform = Transform3D(1, 0, 0, 0, 1, 0, 0, 0, 1, 1.25, 2, 0)
collision_layer = 1
collision_mask = 1
[node name="Mesh" type="MeshInstance3D" parent="HespersHut/WallS_seg0"]
mesh = SubResource("s12")
surface_material_override/0 = SubResource("s1")
[node name="Col" type="CollisionShape3D" parent="HespersHut/WallS_seg0"]
shape = SubResource("s13")
[node name="WallS_seg1" type="StaticBody3D" parent="HespersHut"]
transform = Transform3D(1, 0, 0, 0, 1, 0, 0, 0, 1, 3.25, 3.2, 0)
collision_layer = 1
collision_mask = 1
[node name="Mesh" type="MeshInstance3D" parent="HespersHut/WallS_seg1"]
mesh = SubResource("s14")
surface_material_override/0 = SubResource("s1")
[node name="Col" type="CollisionShape3D" parent="HespersHut/WallS_seg1"]
shape = SubResource("s15")
[node name="WallS_seg2" type="StaticBody3D" parent="HespersHut"]
transform = Transform3D(1, 0, 0, 0, 1, 0, 0, 0, 1, 5, 2, 0)
collision_layer = 1
collision_mask = 1
[node name="Mesh" type="MeshInstance3D" parent="HespersHut/WallS_seg2"]
mesh = SubResource("s16")
surface_material_override/0 = SubResource("s1")
[node name="Col" type="CollisionShape3D" parent="HespersHut/WallS_seg2"]
shape = SubResource("s17")
[node name="WallE_seg0" type="StaticBody3D" parent="HespersHut"]
transform = Transform3D(1, 0, 0, 0, 1, 0, 0, 0, 1, 6, 2, 0.75)
collision_layer = 1
collision_mask = 1
[node name="Mesh" type="MeshInstance3D" parent="HespersHut/WallE_seg0"]
mesh = SubResource("s18")
surface_material_override/0 = SubResource("s1")
[node name="Col" type="CollisionShape3D" parent="HespersHut/WallE_seg0"]
shape = SubResource("s19")
[node name="WallE_seg1" type="StaticBody3D" parent="HespersHut"]
transform = Transform3D(1, 0, 0, 0, 1, 0, 0, 0, 1, 6, 0.6, 2)
collision_layer = 1
collision_mask = 1
[node name="Mesh" type="MeshInstance3D" parent="HespersHut/WallE_seg1"]
mesh = SubResource("s20")
surface_material_override/0 = SubResource("s1")
[node name="Col" type="CollisionShape3D" parent="HespersHut/WallE_seg1"]
shape = SubResource("s21")
[node name="WallE_seg2" type="StaticBody3D" parent="HespersHut"]
transform = Transform3D(1, 0, 0, 0, 1, 0, 0, 0, 1, 6, 3.1, 2)
collision_layer = 1
collision_mask = 1
[node name="Mesh" type="MeshInstance3D" parent="HespersHut/WallE_seg2"]
mesh = SubResource("s22")
surface_material_override/0 = SubResource("s1")
[node name="Col" type="CollisionShape3D" parent="HespersHut/WallE_seg2"]
shape = SubResource("s23")
[node name="WallE_seg3" type="StaticBody3D" parent="HespersHut"]
transform = Transform3D(1, 0, 0, 0, 1, 0, 0, 0, 1, 6, 2, 3.75)
collision_layer = 1
collision_mask = 1
[node name="Mesh" type="MeshInstance3D" parent="HespersHut/WallE_seg3"]
mesh = SubResource("s24")
surface_material_override/0 = SubResource("s1")
[node name="Col" type="CollisionShape3D" parent="HespersHut/WallE_seg3"]
shape = SubResource("s25")
[node name="WallW_seg0" type="StaticBody3D" parent="HespersHut"]
transform = Transform3D(1, 0, 0, 0, 1, 0, 0, 0, 1, 0, 2, 2.5)
collision_layer = 1
collision_mask = 1
[node name="Mesh" type="MeshInstance3D" parent="HespersHut/WallW_seg0"]
mesh = SubResource("s26")
surface_material_override/0 = SubResource("s1")
[node name="Col" type="CollisionShape3D" parent="HespersHut/WallW_seg0"]
shape = SubResource("s27")
[node name="GladeShrine" type="Node3D" parent="."]
transform = Transform3D(1, 0, 0, 0, 1, 0, 0, 0, 1, -2.5, 0, 2)
[node name="Floor_0" type="StaticBody3D" parent="GladeShrine"]
transform = Transform3D(1, 0, 0, 0, 1, 0, 0, 0, 1, 2.5, -0.1, 2.5)
collision_layer = 1
collision_mask = 1
[node name="Mesh" type="MeshInstance3D" parent="GladeShrine/Floor_0"]
mesh = SubResource("s28")
surface_material_override/0 = SubResource("s2")
[node name="Col" type="CollisionShape3D" parent="GladeShrine/Floor_0"]
shape = SubResource("s29")
[node name="Ceiling_0" type="StaticBody3D" parent="GladeShrine"]
transform = Transform3D(1, 0, 0, 0, 1, 0, 0, 0, 1, 2.5, 3.6, 2.5)
collision_layer = 1
collision_mask = 1
[node name="Mesh" type="MeshInstance3D" parent="GladeShrine/Ceiling_0"]
mesh = SubResource("s30")
surface_material_override/0 = SubResource("s2")
[node name="Col" type="CollisionShape3D" parent="GladeShrine/Ceiling_0"]
shape = SubResource("s31")
[node name="WallN_seg0" type="StaticBody3D" parent="GladeShrine"]
transform = Transform3D(1, 0, 0, 0, 1, 0, 0, 0, 1, 0.875, 1.75, 5)
collision_layer = 1
collision_mask = 1
[node name="Mesh" type="MeshInstance3D" parent="GladeShrine/WallN_seg0"]
mesh = SubResource("s32")
surface_material_override/0 = SubResource("s2")
[node name="Col" type="CollisionShape3D" parent="GladeShrine/WallN_seg0"]
shape = SubResource("s33")
[node name="WallN_seg1" type="StaticBody3D" parent="GladeShrine"]
transform = Transform3D(1, 0, 0, 0, 1, 0, 0, 0, 1, 2.5, 2.95, 5)
collision_layer = 1
collision_mask = 1
[node name="Mesh" type="MeshInstance3D" parent="GladeShrine/WallN_seg1"]
mesh = SubResource("s34")
surface_material_override/0 = SubResource("s2")
[node name="Col" type="CollisionShape3D" parent="GladeShrine/WallN_seg1"]
shape = SubResource("s35")
[node name="WallN_seg2" type="StaticBody3D" parent="GladeShrine"]
transform = Transform3D(1, 0, 0, 0, 1, 0, 0, 0, 1, 4.125, 1.75, 5)
collision_layer = 1
collision_mask = 1
[node name="Mesh" type="MeshInstance3D" parent="GladeShrine/WallN_seg2"]
mesh = SubResource("s36")
surface_material_override/0 = SubResource("s2")
[node name="Col" type="CollisionShape3D" parent="GladeShrine/WallN_seg2"]
shape = SubResource("s37")
[node name="WallS_seg0" type="StaticBody3D" parent="GladeShrine"]
transform = Transform3D(1, 0, 0, 0, 1, 0, 0, 0, 1, 2.5, 1.75, 0)
collision_layer = 1
collision_mask = 1
[node name="Mesh" type="MeshInstance3D" parent="GladeShrine/WallS_seg0"]
mesh = SubResource("s38")
surface_material_override/0 = SubResource("s2")
[node name="Col" type="CollisionShape3D" parent="GladeShrine/WallS_seg0"]
shape = SubResource("s39")
[node name="WallE_seg0" type="StaticBody3D" parent="GladeShrine"]
transform = Transform3D(1, 0, 0, 0, 1, 0, 0, 0, 1, 5, 1.75, 2.5)
collision_layer = 1
collision_mask = 1
[node name="Mesh" type="MeshInstance3D" parent="GladeShrine/WallE_seg0"]
mesh = SubResource("s40")
surface_material_override/0 = SubResource("s2")
[node name="Col" type="CollisionShape3D" parent="GladeShrine/WallE_seg0"]
shape = SubResource("s41")
[node name="WallW_seg0" type="StaticBody3D" parent="GladeShrine"]
transform = Transform3D(1, 0, 0, 0, 1, 0, 0, 0, 1, 0, 1.75, 0.75)
collision_layer = 1
collision_mask = 1
[node name="Mesh" type="MeshInstance3D" parent="GladeShrine/WallW_seg0"]
mesh = SubResource("s42")
surface_material_override/0 = SubResource("s2")
[node name="Col" type="CollisionShape3D" parent="GladeShrine/WallW_seg0"]
shape = SubResource("s43")
[node name="WallW_seg1" type="StaticBody3D" parent="GladeShrine"]
transform = Transform3D(1, 0, 0, 0, 1, 0, 0, 0, 1, 0, 0.6, 2)
collision_layer = 1
collision_mask = 1
[node name="Mesh" type="MeshInstance3D" parent="GladeShrine/WallW_seg1"]
mesh = SubResource("s44")
surface_material_override/0 = SubResource("s2")
[node name="Col" type="CollisionShape3D" parent="GladeShrine/WallW_seg1"]
shape = SubResource("s45")
[node name="WallW_seg2" type="StaticBody3D" parent="GladeShrine"]
transform = Transform3D(1, 0, 0, 0, 1, 0, 0, 0, 1, 0, 2.85, 2)
collision_layer = 1
collision_mask = 1
[node name="Mesh" type="MeshInstance3D" parent="GladeShrine/WallW_seg2"]
mesh = SubResource("s46")
surface_material_override/0 = SubResource("s2")
[node name="Col" type="CollisionShape3D" parent="GladeShrine/WallW_seg2"]
shape = SubResource("s47")
[node name="WallW_seg3" type="StaticBody3D" parent="GladeShrine"]
transform = Transform3D(1, 0, 0, 0, 1, 0, 0, 0, 1, 0, 1.75, 3.75)
collision_layer = 1
collision_mask = 1
[node name="Mesh" type="MeshInstance3D" parent="GladeShrine/WallW_seg3"]
mesh = SubResource("s48")
surface_material_override/0 = SubResource("s2")
[node name="Col" type="CollisionShape3D" parent="GladeShrine/WallW_seg3"]
shape = SubResource("s49")
[node name="ForestYard" type="Node3D" parent="."]
transform = Transform3D(1, 0, 0, 0, 1, 0, 0, 0, 1, -30, -0.02, -30)
script = ExtResource("terrain_patch_script")
metadata/terrain_heights = PackedFloat32Array(-0.0000, -0.0000, -0.0000, -0.0000, -0.0000, -0.0000, -0.0000, -0.0000, 0.0000, 0.0000, 0.0000, 0.0000, 0.0000, 0.0000, 0.0000, 0.0000, 0.0000, -0.0103, -0.0288, -0.0234, 0.0027, 0.0247, 0.0221, 0.0001, -0.0164, -0.0089, 0.0150, 0.0299, 0.0195, -0.0056, -0.0194, -0.0000, 0.0000, -0.0116, -0.0500, -0.0263, 0.0360, 0.0858, 0.0808, 0.0271, -0.0299, -0.0525, -0.0468, -0.0498, -0.0831, -0.1243, -0.0635, -0.0000, -0.0000, -0.0048, 0.0081, 0.0492, 0.0812, 0.1011, 0.1029, 0.0762, 0.0112, -0.0883, -0.1984, -0.2844, -0.3196, -0.1989, -0.0780, -0.0000, -0.0000, 0.0123, 0.0733, 0.1329, 0.1204, 0.0693, 0.0702, 0.0919, 0.0409, -0.1356, -0.3782, -0.5542, -0.4582, -0.2449, -0.0844, -0.0000, 0.0000, 0.0388, 0.1051, 0.1571, 0.1339, 0.0642, 0.0326, 0.0158, -0.0577, -0.2269, -0.4418, -0.5954, -0.4911, -0.2753, -0.1023, -0.0000, 0.0000, 0.0718, 0.1091, 0.1319, 0.1401, 0.0972, 0.0099, -0.1171, -0.2520, -0.3639, -0.4441, -0.5015, -0.4310, -0.2872, -0.1268, -0.0000, 0.0000, 0.1066, 0.1265, 0.1187, 0.1282, 0.0858, -0.0525, -0.2580, -0.4232, -0.4692, -0.4236, -0.3875, -0.3409, -0.2657, -0.1334, -0.0000, 0.0000, 0.1366, 0.1833, 0.1604, 0.0940, -0.0215, -0.1821, -0.3587, -0.4752, -0.4829, -0.4126, -0.3482, -0.2776, -0.2070, -0.1067, -0.0000, 0.0000, 0.1537, 0.2535, 0.2315, 0.0508, -0.1738, -0.3277, -0.3993, -0.4183, -0.4186, -0.4075, -0.3720, -0.2481, -0.1328, -0.0605, -0.0000, 0.0000, 0.1514, 0.2785, 0.2606, 0.0215, -0.2554, -0.3910, -0.3873, -0.3427, -0.3429, -0.3780, -0.3694, -0.2193, -0.0794, -0.0273, -0.0000, 0.0000, 0.1273, 0.2231, 0.2034, 0.0195, -0.1957, -0.3150, -0.3344, -0.3119, -0.3021, -0.3049, -0.2801, -0.1666, -0.0680, -0.0276, -0.0000, 0.0000, 0.0850, 0.1118, 0.0896, 0.0297, -0.0321, -0.1113, -0.1917, -0.2351, -0.2191, -0.1633, -0.1149, -0.1068, -0.0868, -0.0495, -0.0000, 0.0000, 0.0327, 0.0067, -0.0040, 0.0279, 0.0500, 0.0188, -0.0526, -0.1075, -0.1045, -0.0601, -0.0307, -0.0523, -0.1022, -0.0615, -0.0000, -0.0000, -0.0199, -0.0252, -0.0125, 0.0131, 0.0341, 0.0358, 0.0196, -0.0002, -0.0108, -0.0131, -0.0179, -0.0309, -0.0443, -0.0433, -0.0000, -0.0000, -0.0000, -0.0000, -0.0000, 0.0000, 0.0000, 0.0000, 0.0000, 0.0000, 0.0000, 0.0000, -0.0000, -0.0000, -0.0000, -0.0000, 0.0000)
metadata/terrain_size_x = 60.0
metadata/terrain_size_z = 60.0
metadata/terrain_resolution = 16
metadata/terrain_material = ""
metadata/terrain_flat_color = [0.32, 0.55, 0.22]
metadata/terrain_slope_color = [0.45, 0.32, 0.18]
metadata/terrain_slope_threshold = 0.72
metadata/terrain_slope_softness = 0.15
metadata/terrain_surface_grid = ["", "", "", "", "", "", "", "", "", "", "", "", "", "", "", "", "", "", "", "", "", "", "", "", "", "", "", "", "", "", "", "", "", "", "", "", "", "", "", "", "", "", "", "", "", "", "", "", "", "", "", "", "", "", "", "", "", "", "", "", "", "", "", "", "", "", "", "", "", "", "", "", "", "", "", "", "", "", "", "", "", "", "", "", "", "", "", "", "", "", "", "", "", "", "", "", "", "", "", "", "", "", "", "", "", "", "", "", "", "", "", "", "", "", "", "", "", "", "", "", "", "", "", "", "", "", "", "", "", "", "", "", "", "", "", "", "", "", "", "", "", "", "", "", "", "", "", "", "", "", "", "", "", "", "", "", "", "", "", "", "", "", "", "", "", "", "", "", "", "", "", "", "", "", "", "", "", "", "", "", "", "", "", "", "", "", "", "", "", "", "", "", "", "", "", "", "", "", "", "", "", "", "", "", "", "", "", "", "", "", "", "", "", "", "", "", "", "", "", "", "", "", "", "", ""]
[node name="SouthPath" type="Node3D" parent="."]
transform = Transform3D(1, 0, 0, 0, 1, 0, 0, 0, 1, -15, -0.03, -15)
script = ExtResource("terrain_patch_script")
metadata/terrain_heights = PackedFloat32Array(0.0000, 0.0000, 0.0000, 0.0000, 0.0000, 0.0000, 0.0000, 0.0000, 0.0000, 0.0000, 0.0000, 0.0000, 0.0000, 0.0000, 0.0000, 0.0000, 0.0000, 0.0000, 0.0000, 0.0000, 0.0000, 0.0000, 0.0000, 0.0000, 0.0000, 0.0000, 0.0000, 0.0000, 0.0000, 0.0000, 0.0000, 0.0000, 0.0000, 0.0000, 0.0000, 0.0000, 0.0000, 0.0000, 0.0000, 0.0000, 0.0000, 0.0000, 0.0000, 0.0000, 0.0000, 0.0000, 0.0000, 0.0000, 0.0000, 0.0000, 0.0000, 0.0000, 0.0000, 0.0000, 0.0000, 0.0000, 0.0000, 0.0000, 0.0000, 0.0000, 0.0000, 0.0000, 0.0000, 0.0000, 0.0000, 0.0000, 0.0000, 0.0000, 0.0000, 0.0000, 0.0000, 0.0000, 0.0000, 0.0000, 0.0000, 0.0000, 0.0000, 0.0000, 0.0000, 0.0000, 0.0000)
metadata/terrain_size_x = 24.0
metadata/terrain_size_z = 12.0
metadata/terrain_resolution = 9
metadata/terrain_material = ""
metadata/terrain_flat_color = [0.35, 0.55, 0.22]
metadata/terrain_slope_color = [0.45, 0.32, 0.18]
metadata/terrain_slope_threshold = 0.72
metadata/terrain_slope_softness = 0.15
metadata/terrain_surface_grid = ["", "", "", "", "", "", "", "", "", "", "", "", "", "", "", "", "", "", "", "", "", "", "", "", "", "", "dirt", "dirt", "dirt", "dirt", "", "", "", "", "dirt", "dirt", "dirt", "dirt", "", "", "", "", "", "", "", "", "", "", "", "", "", "", "", "", "", "", "", "", "", "", "", "", "", ""]
[node name="Npc0_Old_Hesper" parent="." instance=ExtResource("npc")]
transform = Transform3D(-0.416147, 0, 0.909297, 0, 1, 0, -0.909297, 0, -0.416147, 3, 0, 8)
npc_name = "Old Hesper"
body_color = Color(0.5, 0.65, 0.7, 1)
hat_color = Color(0.3, 0.45, 0.55, 1)
idle_hint = "[E] Speak with the keeper"
dialog_tree_json = "{\"start\": \"root\", \"nodes\": {\"root\": {\"speaker\": \"Old Hesper\", \"text\": \"Welcome to the Glade, little one. I am Hesper, oldest of the keepers here. The wyrdkin sleep, and we tend their dreaming. You wake into a strange hour. Will you sit, and learn?\", \"choices\": [{\"label\": \"Tell me of this realm.\", \"next\": \"realm\"}, {\"label\": \"What is the Sigil of Sharing?\", \"next\": \"sigil\"}, {\"label\": \"Who is Glim?\", \"next\": \"glim\"}, {\"label\": \"Where should I go?\", \"next\": \"go\"}, {\"label\": \"Farewell, keeper.\", \"next\": \"bye\"}]}, \"realm\": {\"speaker\": \"Old Hesper\", \"text\": \"This is Lirien's weave. Forest, brook, kiln, and stone — all spun from the Source. The Maker gave; the Hoarder takes. The balance has tipped, and so the wardstones thin. That is why you are here.\", \"choices\": [{\"label\": \"What is the Sigil of Sharing?\", \"next\": \"sigil\"}, {\"label\": \"Who is Glim?\", \"next\": \"glim\"}, {\"label\": \"Back.\", \"next\": \"root\"}]}, \"sigil\": {\"speaker\": \"Old Hesper\", \"text\": \"Three sigils mark the Triglyph — Sight, Shaping, Sharing. Yours is the third. To share is to refuse the hoard; to refuse the hoard is to be the answer to Khorgaul. Carry it gently. Carry it bright.\", \"choices\": [{\"label\": \"Who is Glim?\", \"next\": \"glim\"}, {\"label\": \"Tell me of this realm.\", \"next\": \"realm\"}, {\"label\": \"Back.\", \"next\": \"root\"}]}, \"glim\": {\"speaker\": \"Old Hesper\", \"text\": \"A wisp — a fleck of the Source given a small, brave will. She has chosen you, and that is no small thing. Where you are dim, Glim brightens. Where you forget, Glim remembers.\", \"choices\": [{\"label\": \"Where should I go?\", \"next\": \"go\"}, {\"label\": \"Back.\", \"next\": \"root\"}]}, \"go\": {\"speaker\": \"Old Hesper\", \"text\": \"North, through the wyrdwood. Past the fork, past the ribbon, into the Hollow. You will know it when you see it. The road from there is yours to find.\", \"choices\": [{\"label\": \"Thank you, keeper.\", \"next\": \"bye\"}]}, \"bye\": {\"speaker\": \"Old Hesper\", \"text\": \"Walk in the green. Walk under the wing of Lirien.\"}}}"
[node name="Npc1_Little_Pip" parent="." instance=ExtResource("npc")]
transform = Transform3D(0.0707372, 0, -0.997495, 0, 1, 0, 0.997495, 0, 0.0707372, -4, 0, -6)
npc_name = "Little Pip"
body_color = Color(0.65, 0.8, 0.75, 1)
hat_color = Color(0.55, 0.7, 0.85, 1)
idle_hint = "[E] Talk to Pip"
dialog_tree_json = "{\"start\": \"root\", \"nodes\": {\"root\": {\"speaker\": \"Little Pip\", \"text\": \"Are you the wanderer? Hesper said a wanderer would come. Are you going north? You should go north! The wyrdwood is north!\", \"next\": \"two\"}, \"two\": {\"speaker\": \"Little Pip\", \"text\": \"I'm not allowed to go past the marker stone. But you can! Go on! The trees there know secrets. I think they whisper them to wisps. Maybe Glim already knows!\"}}}"
[node name="Npc2_Glim" parent="." instance=ExtResource("npc")]
transform = Transform3D(-0.999999, 0, -0.00159265, 0, 1, 0, 0.00159265, 0, -0.999999, 0, 0.5, 4)
npc_name = "Glim"
body_color = Color(0.95, 0.92, 0.55, 1)
hat_color = Color(1, 0.85, 0.3, 1)
idle_hint = "[E] Listen to Glim"
dialog_tree_json = "{\"start\": \"root\", \"nodes\": {\"root\": {\"speaker\": \"Glim\", \"text\": \"*The little wisp pulses, gentle and curious.* You hear me, don't you. The Source still moves through you. Good.\", \"choices\": [{\"label\": \"Teach me a song.\", \"next\": \"teach\", \"requires_not\": \"glim_theme_learned\"}, {\"label\": \"(You hum the song to yourself.)\", \"next\": \"remembered\", \"requires_song\": \"glim_theme\"}, {\"label\": \"Goodbye.\", \"next\": \"bye\"}]}, \"teach\": {\"speaker\": \"Glim\", \"text\": \"Listen — and remember. *up... right... down... left... up.* Carry it. Hum it at any owl-shrine and the keepers will tend you. *[Z] to hum.*\", \"learns_song\": \"glim_theme\", \"next\": \"bye\"}, \"remembered\": {\"speaker\": \"Glim\", \"text\": \"Yes. The melody's in you now. The Source remembers what you remember.\", \"next\": \"bye\"}, \"bye\": {\"speaker\": \"Glim\", \"text\": \"*Glim drifts a little higher and waits.*\"}}}"
[node name="Sign3" parent="." instance=ExtResource("sign")]
transform = Transform3D(1, 0, 0, 0, 1, 0, 0, 0, 1, -1.5, 0, 4)
message = "Wyrdkin Glade.\n\nThe wyrdkin sleep beneath the great trees, and Glim flickers at your shoulder. South, beyond the elder pines, the path runs to the Wyrdwood."
[node name="Sign4" parent="." instance=ExtResource("sign")]
transform = Transform3D(-3.67321e-06, 0, 1, 0, 1, 0, -1, 0, -3.67321e-06, 4, 0, -2)
message = "Glim chimes once, gently. \"You can read what's left of the Source by Sight,\" she says, \"but only one Sigil can pass it on. We carry that one.\""
[node name="Sign5" parent="." instance=ExtResource("sign")]
transform = Transform3D(1, 0, 0, 0, 1, 0, 0, 0, 1, -6, 0, 8)
message = "A wyrdkin-stone, cool to the touch.\n\n\"Lirien's roots reach here. The Source whispers in the leaves — listen, and you may hear your own name spoken back.\""
[node name="Sign6" parent="." instance=ExtResource("sign")]
transform = Transform3D(1, 0, 0, 0, 1, 0, 0, 0, 1, -12, 0, 7)
message = "A leaf-curtain stirs against the wall — there is a hollow behind it."
[node name="Sign7" parent="." instance=ExtResource("sign")]
transform = Transform3D(1, 0, 0, 0, 1, 0, 0, 0, 1, 0, 0, 1)
message = "Welcome to the Wyrdmark.\n[WASD] to move. [Space] to jump."
[node name="Sign8" parent="." instance=ExtResource("sign")]
transform = Transform3D(1, 0, 0, 0, 1, 0, 0, 0, 1, 1.5, 0, 2.5)
message = "[J] to swing your blade.\nHold to charge."
[node name="Sign9" parent="." instance=ExtResource("sign")]
transform = Transform3D(1, 0, 0, 0, 1, 0, 0, 0, 1, -1.5, 0, 3)
message = "[K] to roll. Useful for dodging."
[node name="Sign10" parent="." instance=ExtResource("sign")]
transform = Transform3D(1, 0, 0, 0, 1, 0, 0, 0, 1, 4, 0, 5)
message = "[E] to read signs, open chests, speak to kin."
[node name="Sign11" parent="." instance=ExtResource("sign")]
transform = Transform3D(1, 0, 0, 0, 1, 0, 0, 0, 1, -4, 0, 5)
message = "[Esc] to pause. The pause menu has Items, Songs, and the World Map."
[node name="Sign12" parent="." instance=ExtResource("sign")]
transform = Transform3D(1, 0, 0, 0, 1, 0, 0, 0, 1, 0, 0, 8)
message = "[Q] to lock onto an enemy. Tap again to release. (Once you have learned a song, [Z] to hum it.)"
[node name="Sign13" parent="." instance=ExtResource("sign")]
transform = Transform3D(1, 0, 0, 0, 1, 0, 0, 0, 1, 1, 0, -1)
message = "Glim is in this glade. Speak with him."
[node name="Sign14" parent="." instance=ExtResource("sign")]
transform = Transform3D(-3.67321e-06, 0, -1, 0, 1, 0, 1, 0, -3.67321e-06, -4, 0, 0)
message = "Near the cradle stones:\n\n   Who are you?\n   Tux.\n\nThere has never been anyone else here."
[node name="Sign15" parent="." instance=ExtResource("sign")]
transform = Transform3D(1, 0, 0, 0, 1, 0, 0, 0, 1, 1, 0, -4)
message = "By the cradle path:\n\n    One breath sent.\n    One breath returned.\n    No breath lost.\n    Home is reachable."
[node name="Chest16" parent="." instance=ExtResource("chest")]
transform = Transform3D(1, 0, 0, 0, 1, 0, 0, 0, 1, 3, 0, 3)
contents_scene = ExtResource("heart_pickup")
open_message = "A heart-flower, pressed in oilcloth. The Source thanks you."
[node name="Chest17" parent="." instance=ExtResource("chest")]
transform = Transform3D(1, 0, 0, 0, 1, 0, 0, 0, 1, -2.5, 0, 4.5)
contents_scene = ExtResource("fairy_bottle")
open_message = "A Fairy Bottle. The fae hide a spark of life inside — it'll catch you once if a blow would have laid you low."
[node name="Chest18" parent="." instance=ExtResource("chest")]
transform = Transform3D(1, 0, 0, 0, 1, 0, 0, 0, 1, -3, 0, -11)
contents_scene = ExtResource("bow_pickup")
open_message = "A yew longbow, oiled and strung. Press F to draw and loose. Find arrows in quivers along the path."
contents_item_name = "bow"
[node name="Chest19" parent="." instance=ExtResource("chest")]
transform = Transform3D(1, 0, 0, 0, 1, 0, 0, 0, 1, 2.5, 0, -10.5)
contents_scene = ExtResource("arrow_pickup")
open_message = "A bundle of fletched arrows."
[node name="Chest20" parent="." instance=ExtResource("chest")]
transform = Transform3D(1, 0, 0, 0, 1, 0, 0, 0, 1, -7.5, 0, -3)
contents_scene = ExtResource("arrow_pickup")
open_message = "A bundle of fletched arrows."
[node name="Chest21" parent="." instance=ExtResource("chest")]
transform = Transform3D(1, 0, 0, 0, 1, 0, 0, 0, 1, 4.5, 0, -1.5)
contents_scene = ExtResource("slingshot_pickup")
open_message = "A forked slingshot. Press F to fling a seed at speed."
contents_item_name = "slingshot"
[node name="Chest22" parent="." instance=ExtResource("chest")]
transform = Transform3D(1, 0, 0, 0, 1, 0, 0, 0, 1, 5.5, 0, -2.5)
contents_scene = ExtResource("seed_pickup")
open_message = "A small bag of dry deku-seeds."
[node name="Chest23" parent="." instance=ExtResource("chest")]
transform = Transform3D(1, 0, 0, 0, 1, 0, 0, 0, 1, -9, 0, -13)
contents_scene = ExtResource("heart_piece")
open_message = "A piece of heart, pressed deep into a thicket of wyrdkin-bramble. Glim says the bushes were planted to hide it."
[node name="OwlStatue_owl_wyrdkin_glade" parent="." instance=ExtResource("owl_statue")]
transform = Transform3D(1, 0, 0, 0, 1, 0, 0, 0, 1, -3, 0, 8)
warp_id = "owl_wyrdkin_glade"
warp_name = "Glade Owl"
warp_target_scene = "wyrdkin_glade"
warp_target_spawn = "default"
[node name="Tree25" parent="." instance=ExtResource("tree")]
transform = Transform3D(-0.685437, 0, -0.728132, 0, 1, 0, 0.728132, 0, -0.685437, 7.81, 0, -26.6)
[node name="Tree26" parent="." instance=ExtResource("tree")]
transform = Transform3D(0.252048, 0, -0.967715, 0, 1, 0, 0.967715, 0, 0.252048, -12.6, 0, -15.5)
[node name="Tree27" parent="." instance=ExtResource("tree")]
transform = Transform3D(-0.106004, 0, -0.994366, 0, 1, 0, 0.994366, 0, -0.106004, 13.24, 0, 9.9)
[node name="Tree28" parent="." instance=ExtResource("tree")]
transform = Transform3D(0.921766, 0, 0.387746, 0, 1, 0, -0.387746, 0, 0.921766, 21.96, 0, -23.13)
[node name="Tree29" parent="." instance=ExtResource("tree")]
transform = Transform3D(-0.597507, 0, 0.801863, 0, 1, 0, -0.801863, 0, -0.597507, -4.37, 0, -26.33)
[node name="Tree30" parent="." instance=ExtResource("tree")]
transform = Transform3D(-0.774161, 0, 0.632988, 0, 1, 0, -0.632988, 0, -0.774161, -15.76, 0, 0.3)
[node name="Tree31" parent="." instance=ExtResource("tree")]
transform = Transform3D(0.475732, 0, -0.87959, 0, 1, 0, 0.87959, 0, 0.475732, -26.51, 0, -16.87)
[node name="Tree32" parent="." instance=ExtResource("tree")]
transform = Transform3D(-0.131011, 0, 0.991381, 0, 1, 0, -0.991381, 0, -0.131011, 8.39, 0, 2.52)
[node name="Tree33" parent="." instance=ExtResource("tree")]
transform = Transform3D(0.517388, 0, -0.855751, 0, 1, 0, 0.855751, 0, 0.517388, -15.66, 0, 5)
[node name="Tree34" parent="." instance=ExtResource("tree")]
transform = Transform3D(-0.726492, 0, -0.687175, 0, 1, 0, 0.687175, 0, -0.726492, 17.33, 0, -27.64)
[node name="Tree35" parent="." instance=ExtResource("tree")]
transform = Transform3D(0.997811, 0, 0.066137, 0, 1, 0, -0.066137, 0, 0.997811, 17.13, 0, 11.1)
[node name="Tree36" parent="." instance=ExtResource("tree")]
transform = Transform3D(-0.637608, 0, 0.770361, 0, 1, 0, -0.770361, 0, -0.637608, -8.95, 0, -19.29)
[node name="Tree37" parent="." instance=ExtResource("tree")]
transform = Transform3D(-0.936807, 0, 0.349847, 0, 1, 0, -0.349847, 0, -0.936807, 25.6, 0, -9.15)
[node name="Tree38" parent="." instance=ExtResource("tree")]
transform = Transform3D(-0.398966, 0, 0.916966, 0, 1, 0, -0.916966, 0, -0.398966, -22.81, 0, -22.58)
[node name="Tree39" parent="." instance=ExtResource("tree")]
transform = Transform3D(0.551041, 0, 0.834478, 0, 1, 0, -0.834478, 0, 0.551041, 19.46, 0, 5.81)
[node name="Tree40" parent="." instance=ExtResource("tree")]
transform = Transform3D(0.162882, 0, 0.986646, 0, 1, 0, -0.986646, 0, 0.162882, 2.03, 0, 26.49)
[node name="Tree41" parent="." instance=ExtResource("tree")]
transform = Transform3D(0.131415, 0, -0.991327, 0, 1, 0, 0.991327, 0, 0.131415, -6.8, 0, 2.91)
[node name="Tree42" parent="." instance=ExtResource("tree")]
transform = Transform3D(0.979667, 0, -0.200629, 0, 1, 0, 0.200629, 0, 0.979667, -15.24, 0, -11.79)
[node name="Tree43" parent="." instance=ExtResource("tree")]
transform = Transform3D(-0.399713, 0, -0.91664, 0, 1, 0, 0.91664, 0, -0.399713, -22.34, 0, -12.43)
[node name="Tree44" parent="." instance=ExtResource("tree")]
transform = Transform3D(-0.110975, 0, -0.993823, 0, 1, 0, 0.993823, 0, -0.110975, 7.6, 0, -7.57)
[node name="Bush45" parent="." instance=ExtResource("bush")]
transform = Transform3D(-0.429906, 0, 0.902874, 0, 1, 0, -0.902874, 0, -0.429906, -24, 0, 10.2)
[node name="Bush46" parent="." instance=ExtResource("bush")]
transform = Transform3D(0.830384, 0, -0.557192, 0, 1, 0, 0.557192, 0, 0.830384, -18.52, 0, -1.95)
[node name="Bush47" parent="." instance=ExtResource("bush")]
transform = Transform3D(-0.71693, 0, 0.697145, 0, 1, 0, -0.697145, 0, -0.71693, 8.93, 0, 15.23)
[node name="Bush48" parent="." instance=ExtResource("bush")]
transform = Transform3D(0.229546, 0, 0.973298, 0, 1, 0, -0.973298, 0, 0.229546, -25, 0, -3.52)
[node name="Bush49" parent="." instance=ExtResource("bush")]
transform = Transform3D(0.804962, 0, 0.593327, 0, 1, 0, -0.593327, 0, 0.804962, -6.64, 0, 18.32)
[node name="Bush50" parent="." instance=ExtResource("bush")]
transform = Transform3D(-0.488355, 0, -0.872645, 0, 1, 0, 0.872645, 0, -0.488355, -3.43, 0, -16.84)
[node name="Bush51" parent="." instance=ExtResource("bush")]
transform = Transform3D(-0.983591, 0, 0.180414, 0, 1, 0, -0.180414, 0, -0.983591, 18.25, 0, 16.65)
[node name="Bush52" parent="." instance=ExtResource("bush")]
transform = Transform3D(-0.302571, 0, 0.953127, 0, 1, 0, -0.953127, 0, -0.302571, -6.46, 0, -21.02)
[node name="Bush53" parent="." instance=ExtResource("bush")]
transform = Transform3D(0.499305, 0, -0.866426, 0, 1, 0, 0.866426, 0, 0.499305, 14.16, 0, 5.06)
[node name="Bush54" parent="." instance=ExtResource("bush")]
transform = Transform3D(0.579089, 0, 0.815264, 0, 1, 0, -0.815264, 0, 0.579089, -22.82, 0, 22.98)
[node name="Bush55" parent="." instance=ExtResource("bush")]
transform = Transform3D(0.192404, 0, 0.981316, 0, 1, 0, -0.981316, 0, 0.192404, 17.63, 0, -10.6)
[node name="Bush56" parent="." instance=ExtResource("bush")]
transform = Transform3D(0.950796, 0, -0.309816, 0, 1, 0, 0.309816, 0, 0.950796, 20.22, 0, 1.16)
[node name="Bush57" parent="." instance=ExtResource("bush")]
transform = Transform3D(-0.839514, 0, 0.543337, 0, 1, 0, -0.543337, 0, -0.839514, -20.64, 0, 18.5)
[node name="Bush58" parent="." instance=ExtResource("bush")]
transform = Transform3D(-0.675914, 0, -0.736981, 0, 1, 0, 0.736981, 0, -0.675914, 4.39, 0, 22.5)
[node name="Rock59" parent="." instance=ExtResource("rock")]
transform = Transform3D(0.975897, 0, -0.21823, 0, 1, 0, 0.21823, 0, 0.975897, 18.83, 0, -16.81)
[node name="Rock60" parent="." instance=ExtResource("rock")]
transform = Transform3D(-0.754048, 0, -0.656819, 0, 1, 0, 0.656819, 0, -0.754048, -14.29, 0, -24.49)
[node name="Rock61" parent="." instance=ExtResource("rock")]
transform = Transform3D(-0.989851, 0, -0.14211, 0, 1, 0, 0.14211, 0, -0.989851, -19.93, 0, -25.54)
[node name="Rock62" parent="." instance=ExtResource("rock")]
transform = Transform3D(0.866731, 0, 0.498775, 0, 1, 0, -0.498775, 0, 0.866731, -17.85, 0, 0.71)
[node name="Rock63" parent="." instance=ExtResource("rock")]
transform = Transform3D(0.376297, 0, -0.926499, 0, 1, 0, 0.926499, 0, 0.376297, 25.45, 0, 10.06)
[node name="Rock64" parent="." instance=ExtResource("rock")]
transform = Transform3D(-0.05218, 0, -0.998638, 0, 1, 0, 0.998638, 0, -0.05218, -6.32, 0, -4.94)
[node name="Rock65" parent="." instance=ExtResource("rock")]
transform = Transform3D(0.012796, 0, -0.999918, 0, 1, 0, 0.999918, 0, 0.012796, 9.95, 0, -9.04)
[node name="Rock66" parent="." instance=ExtResource("rock")]
transform = Transform3D(0.952638, 0, -0.304106, 0, 1, 0, 0.304106, 0, 0.952638, -22.18, 0, 17.76)
[node name="Rock67" parent="." instance=ExtResource("rock")]
transform = Transform3D(-0.461237, 0, 0.887277, 0, 1, 0, -0.887277, 0, -0.461237, 6.1, 0, -20.18)
[node name="Rock68" parent="." instance=ExtResource("rock")]
transform = Transform3D(0.407405, 0, 0.913247, 0, 1, 0, -0.913247, 0, 0.407405, -22.36, 0, -21.08)
[node name="Rock69" parent="." instance=ExtResource("rock")]
transform = Transform3D(-0.92122, 0, -0.389043, 0, 1, 0, 0.389043, 0, -0.92122, 23.86, 0, -20.4)
[node name="Rock70" parent="." instance=ExtResource("rock")]
transform = Transform3D(0.971811, 0, -0.235759, 0, 1, 0, 0.235759, 0, 0.971811, 6.52, 0, 24.42)
[node name="Tomato0" parent="." instance=ExtResource("tomato")]
transform = Transform3D(1, 0, 0, 0, 1, 0, 0, 0, 1, -5, 1.6, -10)
[node name="Spawns" type="Node3D" parent="."]
[node name="default" type="Marker3D" parent="Spawns"]
transform = Transform3D(1, 0, 0, 0, 1, 0, 0, 0, 1, 0, 0.24, 6)
[node name="from_wyrdmark_gateway" type="Marker3D" parent="Spawns"]
transform = Transform3D(-0.994752, 0, 0.102313, 0, 1, 0, -0.102313, 0, -0.994752, 8.99, 4.69, 73.53)
[node name="from_grotto_glade" type="Marker3D" parent="Spawns"]
transform = Transform3D(-0.249248, 0, -0.96844, 0, 1, 0, 0.96844, 0, -0.249248, -66.66, 0.88, 16.25)
[node name="LoadZone0" type="Area3D" parent="."]
transform = Transform3D(0.994751, 0, -0.102321, 0, 1, 0, 0.102321, 0, 0.994751, 9.55, 5.73, 79)
collision_layer = 64
collision_mask = 2
monitoring = true
script = ExtResource("load_zone_script")
target_scene = "res://scenes/wyrdmark_gateway.tscn"
target_spawn = "from_wyrdkin_glade"
auto_trigger = true
prompt = "[E] Up to Wyrdmark Gateway"
[node name="Shape" type="CollisionShape3D" parent="LoadZone0"]
shape = SubResource("s50")
